vertices = (
    (0.000000, 0.879385, 0.500000),
    (0.000000, 0.652704, 0.766044),
    (0.326352, 0.565258, 0.766044),
    (0.000000, 0.879385, 0.500000),
    (0.326352, 0.565258, 0.766044),
    (0.439693, 0.761570, 0.500000),
    (0.000000, 0.652704, -0.766044),
    (0.000000, 0.879385, -0.500000),
    (0.439693, 0.761570, -0.500000),
    (0.000000, 0.652704, -0.766044),
    (0.439693, 0.761570, -0.500000),
    (0.326352, 0.565258, -0.766044),
    (0.000000, 1.000000, 0.173648),
    (0.000000, 0.879385, 0.500000),
    (0.439693, 0.761570, 0.500000),
    (0.000000, 1.000000, 0.173648),
    (0.439693, 0.761570, 0.500000),
    (0.500000, 0.866026, 0.173648),
    (0.000000, 0.347296, 0.939693),
    (0.000000, 0.000000, 1.000000),
    (0.173648, 0.300768, 0.939693),
    (0.000000, 0.347296, -0.939693),
    (0.000000, 0.652704, -0.766044),
    (0.326352, 0.565258, -0.766044),
    (0.000000, 0.347296, -0.939693),
    (0.326352, 0.565258, -0.766044),
    (0.173648, 0.300768, -0.939693),
    (0.000000, 1.000000, -0.173648),
    (0.000000, 1.000000, 0.173648),
    (0.500000, 0.866026, 0.173648),
    (0.000000, 1.000000, -0.173648),
    (0.500000, 0.866026, 0.173648),
    (0.500000, 0.866026, -0.173648),
    (0.000000, 0.652704, 0.766044),
    (0.000000, 0.347296, 0.939693),
    (0.173648, 0.300768, 0.939693),
    (0.000000, 0.652704, 0.766044),
    (0.173648, 0.300768, 0.939693),
    (0.326352, 0.565258, 0.766044),
    (0.000000, 0.000000, -1.000000),
    (0.000000, 0.347296, -0.939693),
    (0.173648, 0.300768, -0.939693),
    (0.000000, 0.879385, -0.500000),
    (0.000000, 1.000000, -0.173648),
    (0.500000, 0.866026, -0.173648),
    (0.000000, 0.879385, -0.500000),
    (0.500000, 0.866026, -0.173648),
    (0.439693, 0.761570, -0.500000),
    (0.500000, 0.866026, 0.173648),
    (0.439693, 0.761570, 0.500000),
    (0.761570, 0.439693, 0.500000),
    (0.500000, 0.866026, 0.173648),
    (0.761570, 0.439693, 0.500000),
    (0.866025, 0.500000, 0.173648),
    (0.173648, 0.300768, 0.939693),
    (0.000000, 0.000000, 1.000000),
    (0.300767, 0.173648, 0.939693),
    (0.173648, 0.300768, -0.939693),
    (0.326352, 0.565258, -0.766044),
    (0.565258, 0.326352, -0.766044),
    (0.173648, 0.300768, -0.939693),
    (0.565258, 0.326352, -0.766044),
    (0.300767, 0.173648, -0.939693),
    (0.500000, 0.866026, -0.173648),
    (0.500000, 0.866026, 0.173648),
    (0.866025, 0.500000, 0.173648),
    (0.500000, 0.866026, -0.173648),
    (0.866025, 0.500000, 0.173648),
    (0.866025, 0.500000, -0.173648),
    (0.326352, 0.565258, 0.766044),
    (0.173648, 0.300768, 0.939693),
    (0.300767, 0.173648, 0.939693),
    (0.326352, 0.565258, 0.766044),
    (0.300767, 0.173648, 0.939693),
    (0.565258, 0.326352, 0.766044),
    (0.000000, 0.000000, -1.000000),
    (0.173648, 0.300768, -0.939693),
    (0.300767, 0.173648, -0.939693),
    (0.439693, 0.761570, -0.500000),
    (0.500000, 0.866026, -0.173648),
    (0.866025, 0.500000, -0.173648),
    (0.439693, 0.761570, -0.500000),
    (0.866025, 0.500000, -0.173648),
    (0.761570, 0.439693, -0.500000),
    (0.439693, 0.761570, 0.500000),
    (0.326352, 0.565258, 0.766044),
    (0.565258, 0.326352, 0.766044),
    (0.439693, 0.761570, 0.500000),
    (0.565258, 0.326352, 0.766044),
    (0.761570, 0.439693, 0.500000),
    (0.326352, 0.565258, -0.766044),
    (0.439693, 0.761570, -0.500000),
    (0.761570, 0.439693, -0.500000),
    (0.326352, 0.565258, -0.766044),
    (0.761570, 0.439693, -0.500000),
    (0.565258, 0.326352, -0.766044),
    (0.565258, 0.326352, 0.766044),
    (0.300767, 0.173648, 0.939693),
    (0.347296, 0.000000, 0.939693),
    (0.565258, 0.326352, 0.766044),
    (0.347296, 0.000000, 0.939693),
    (0.652704, 0.000000, 0.766044),
    (0.000000, 0.000000, -1.000000),
    (0.300767, 0.173648, -0.939693),
    (0.347296, 0.000000, -0.939693),
    (0.761570, 0.439693, -0.500000),
    (0.866025, 0.500000, -0.173648),
    (1.000000, 0.000000, -0.173648),
    (0.761570, 0.439693, -0.500000),
    (1.000000, 0.000000, -0.173648),
    (0.879385, 0.000000, -0.500000),
    (0.761570, 0.439693, 0.500000),
    (0.565258, 0.326352, 0.766044),
    (0.652704, 0.000000, 0.766044),
    (0.761570, 0.439693, 0.500000),
    (0.652704, 0.000000, 0.766044),
    (0.879385, 0.000000, 0.500000),
    (0.565258, 0.326352, -0.766044),
    (0.761570, 0.439693, -0.500000),
    (0.879385, 0.000000, -0.500000),
    (0.565258, 0.326352, -0.766044),
    (0.879385, 0.000000, -0.500000),
    (0.652704, 0.000000, -0.766044),
    (0.866025, 0.500000, 0.173648),
    (0.761570, 0.439693, 0.500000),
    (0.879385, 0.000000, 0.500000),
    (0.866025, 0.500000, 0.173648),
    (0.879385, 0.000000, 0.500000),
    (1.000000, 0.000000, 0.173648),
    (0.300767, 0.173648, 0.939693),
    (0.000000, 0.000000, 1.000000),
    (0.347296, 0.000000, 0.939693),
    (0.300767, 0.173648, -0.939693),
    (0.565258, 0.326352, -0.766044),
    (0.652704, 0.000000, -0.766044),
    (0.300767, 0.173648, -0.939693),
    (0.652704, 0.000000, -0.766044),
    (0.347296, 0.000000, -0.939693),
    (0.866025, 0.500000, -0.173648),
    (0.866025, 0.500000, 0.173648),
    (1.000000, 0.000000, 0.173648),
    (0.866025, 0.500000, -0.173648),
    (1.000000, 0.000000, 0.173648),
    (1.000000, 0.000000, -0.173648),
    (0.652704, 0.000000, -0.766044),
    (0.879385, 0.000000, -0.500000),
    (0.761570, -0.439692, -0.500000),
    (0.652704, 0.000000, -0.766044),
    (0.761570, -0.439692, -0.500000),
    (0.565258, -0.326352, -0.766044),
    (1.000000, 0.000000, 0.173648),
    (0.879385, 0.000000, 0.500000),
    (0.761570, -0.439692, 0.500000),
    (1.000000, 0.000000, 0.173648),
    (0.761570, -0.439692, 0.500000),
    (0.866025, -0.500000, 0.173648),
    (0.347296, 0.000000, 0.939693),
    (0.000000, 0.000000, 1.000000),
    (0.300767, -0.173648, 0.939693),
    (0.347296, 0.000000, -0.939693),
    (0.652704, 0.000000, -0.766044),
    (0.565258, -0.326352, -0.766044),
    (0.347296, 0.000000, -0.939693),
    (0.565258, -0.326352, -0.766044),
    (0.300767, -0.173648, -0.939693),
    (1.000000, 0.000000, -0.173648),
    (1.000000, 0.000000, 0.173648),
    (0.866025, -0.500000, 0.173648),
    (1.000000, 0.000000, -0.173648),
    (0.866025, -0.500000, 0.173648),
    (0.866025, -0.500000, -0.173648),
    (0.652704, 0.000000, 0.766044),
    (0.347296, 0.000000, 0.939693),
    (0.300767, -0.173648, 0.939693),
    (0.652704, 0.000000, 0.766044),
    (0.300767, -0.173648, 0.939693),
    (0.565258, -0.326352, 0.766044),
    (0.000000, 0.000000, -1.000000),
    (0.347296, 0.000000, -0.939693),
    (0.300767, -0.173648, -0.939693),
    (0.879385, 0.000000, -0.500000),
    (1.000000, 0.000000, -0.173648),
    (0.866025, -0.500000, -0.173648),
    (0.879385, 0.000000, -0.500000),
    (0.866025, -0.500000, -0.173648),
    (0.761570, -0.439692, -0.500000),
    (0.879385, 0.000000, 0.500000),
    (0.652704, 0.000000, 0.766044),
    (0.565258, -0.326352, 0.766044),
    (0.879385, 0.000000, 0.500000),
    (0.565258, -0.326352, 0.766044),
    (0.761570, -0.439692, 0.500000),
    (0.866025, -0.500000, -0.173648),
    (0.866025, -0.500000, 0.173648),
    (0.500000, -0.866025, 0.173648),
    (0.866025, -0.500000, -0.173648),
    (0.500000, -0.866025, 0.173648),
    (0.500000, -0.866025, -0.173648),
    (0.565258, -0.326352, 0.766044),
    (0.300767, -0.173648, 0.939693),
    (0.173648, -0.300767, 0.939693),
    (0.565258, -0.326352, 0.766044),
    (0.173648, -0.300767, 0.939693),
    (0.326352, -0.565258, 0.766044),
    (0.000000, 0.000000, -1.000000),
    (0.300767, -0.173648, -0.939693),
    (0.173648, -0.300767, -0.939693),
    (0.761570, -0.439692, -0.500000),
    (0.866025, -0.500000, -0.173648),
    (0.500000, -0.866025, -0.173648),
    (0.761570, -0.439692, -0.500000),
    (0.500000, -0.866025, -0.173648),
    (0.439693, -0.761570, -0.500000),
    (0.761570, -0.439692, 0.500000),
    (0.565258, -0.326352, 0.766044),
    (0.326352, -0.565258, 0.766044),
    (0.761570, -0.439692, 0.500000),
    (0.326352, -0.565258, 0.766044),
    (0.439693, -0.761570, 0.500000),
    (0.565258, -0.326352, -0.766044),
    (0.761570, -0.439692, -0.500000),
    (0.439693, -0.761570, -0.500000),
    (0.565258, -0.326352, -0.766044),
    (0.439693, -0.761570, -0.500000),
    (0.326352, -0.565258, -0.766044),
    (0.866025, -0.500000, 0.173648),
    (0.761570, -0.439692, 0.500000),
    (0.439693, -0.761570, 0.500000),
    (0.866025, -0.500000, 0.173648),
    (0.439693, -0.761570, 0.500000),
    (0.500000, -0.866025, 0.173648),
    (0.300767, -0.173648, 0.939693),
    (0.000000, 0.000000, 1.000000),
    (0.173648, -0.300767, 0.939693),
    (0.300767, -0.173648, -0.939693),
    (0.565258, -0.326352, -0.766044),
    (0.326352, -0.565258, -0.766044),
    (0.300767, -0.173648, -0.939693),
    (0.326352, -0.565258, -0.766044),
    (0.173648, -0.300767, -0.939693),
    (0.439693, -0.761570, 0.500000),
    (0.326352, -0.565258, 0.766044),
    (0.000000, -0.652703, 0.766044),
    (0.439693, -0.761570, 0.500000),
    (0.000000, -0.652703, 0.766044),
    (0.000000, -0.879385, 0.500000),
    (0.326352, -0.565258, -0.766044),
    (0.439693, -0.761570, -0.500000),
    (0.000000, -0.879385, -0.500000),
    (0.326352, -0.565258, -0.766044),
    (0.000000, -0.879385, -0.500000),
    (0.000000, -0.652703, -0.766044),
    (0.500000, -0.866025, 0.173648),
    (0.439693, -0.761570, 0.500000),
    (0.000000, -0.879385, 0.500000),
    (0.500000, -0.866025, 0.173648),
    (0.000000, -0.879385, 0.500000),
    (0.000000, -1.000000, 0.173648),
    (0.173648, -0.300767, 0.939693),
    (0.000000, 0.000000, 1.000000),
    (0.000000, -0.347296, 0.939693),
    (0.173648, -0.300767, -0.939693),
    (0.326352, -0.565258, -0.766044),
    (0.000000, -0.652703, -0.766044),
    (0.173648, -0.300767, -0.939693),
    (0.000000, -0.652703, -0.766044),
    (0.000000, -0.347296, -0.939693),
    (0.500000, -0.866025, -0.173648),
    (0.500000, -0.866025, 0.173648),
    (0.000000, -1.000000, 0.173648),
    (0.500000, -0.866025, -0.173648),
    (0.000000, -1.000000, 0.173648),
    (0.000000, -1.000000, -0.173648),
    (0.326352, -0.565258, 0.766044),
    (0.173648, -0.300767, 0.939693),
    (0.000000, -0.347296, 0.939693),
    (0.326352, -0.565258, 0.766044),
    (0.000000, -0.347296, 0.939693),
    (0.000000, -0.652703, 0.766044),
    (0.000000, 0.000000, -1.000000),
    (0.173648, -0.300767, -0.939693),
    (0.000000, -0.347296, -0.939693),
    (0.439693, -0.761570, -0.500000),
    (0.500000, -0.866025, -0.173648),
    (0.000000, -1.000000, -0.173648),
    (0.439693, -0.761570, -0.500000),
    (0.000000, -1.000000, -0.173648),
    (0.000000, -0.879385, -0.500000),
    (0.000000, -0.347296, 0.939693),
    (0.000000, 0.000000, 1.000000),
    (-0.173648, -0.300767, 0.939693),
    (0.000000, -0.347296, -0.939693),
    (0.000000, -0.652703, -0.766044),
    (-0.326352, -0.565258, -0.766044),
    (0.000000, -0.347296, -0.939693),
    (-0.326352, -0.565258, -0.766044),
    (-0.173648, -0.300767, -0.939693),
    (0.000000, -1.000000, -0.173648),
    (0.000000, -1.000000, 0.173648),
    (-0.500000, -0.866025, 0.173648),
    (0.000000, -1.000000, -0.173648),
    (-0.500000, -0.866025, 0.173648),
    (-0.500000, -0.866025, -0.173648),
    (0.000000, -0.652703, 0.766044),
    (0.000000, -0.347296, 0.939693),
    (-0.173648, -0.300767, 0.939693),
    (0.000000, -0.652703, 0.766044),
    (-0.173648, -0.300767, 0.939693),
    (-0.326352, -0.565258, 0.766044),
    (0.000000, 0.000000, -1.000000),
    (0.000000, -0.347296, -0.939693),
    (-0.173648, -0.300767, -0.939693),
    (0.000000, -0.879385, -0.500000),
    (0.000000, -1.000000, -0.173648),
    (-0.500000, -0.866025, -0.173648),
    (0.000000, -0.879385, -0.500000),
    (-0.500000, -0.866025, -0.173648),
    (-0.439693, -0.761570, -0.500000),
    (0.000000, -0.879385, 0.500000),
    (0.000000, -0.652703, 0.766044),
    (-0.326352, -0.565258, 0.766044),
    (0.000000, -0.879385, 0.500000),
    (-0.326352, -0.565258, 0.766044),
    (-0.439693, -0.761570, 0.500000),
    (0.000000, -0.652703, -0.766044),
    (0.000000, -0.879385, -0.500000),
    (-0.439693, -0.761570, -0.500000),
    (0.000000, -0.652703, -0.766044),
    (-0.439693, -0.761570, -0.500000),
    (-0.326352, -0.565258, -0.766044),
    (0.000000, -1.000000, 0.173648),
    (0.000000, -0.879385, 0.500000),
    (-0.439693, -0.761570, 0.500000),
    (0.000000, -1.000000, 0.173648),
    (-0.439693, -0.761570, 0.500000),
    (-0.500000, -0.866025, 0.173648),
    (0.000000, 0.000000, -1.000000),
    (-0.173648, -0.300767, -0.939693),
    (-0.300767, -0.173648, -0.939693),
    (-0.439693, -0.761570, -0.500000),
    (-0.500000, -0.866025, -0.173648),
    (-0.866025, -0.500000, -0.173648),
    (-0.439693, -0.761570, -0.500000),
    (-0.866025, -0.500000, -0.173648),
    (-0.761570, -0.439692, -0.500000),
    (-0.439693, -0.761570, 0.500000),
    (-0.326352, -0.565258, 0.766044),
    (-0.565258, -0.326352, 0.766044),
    (-0.439693, -0.761570, 0.500000),
    (-0.565258, -0.326352, 0.766044),
    (-0.761570, -0.439692, 0.500000),
    (-0.326352, -0.565258, -0.766044),
    (-0.439693, -0.761570, -0.500000),
    (-0.761570, -0.439692, -0.500000),
    (-0.326352, -0.565258, -0.766044),
    (-0.761570, -0.439692, -0.500000),
    (-0.565258, -0.326352, -0.766044),
    (-0.500000, -0.866025, 0.173648),
    (-0.439693, -0.761570, 0.500000),
    (-0.761570, -0.439692, 0.500000),
    (-0.500000, -0.866025, 0.173648),
    (-0.761570, -0.439692, 0.500000),
    (-0.866025, -0.500000, 0.173648),
    (-0.173648, -0.300767, 0.939693),
    (0.000000, 0.000000, 1.000000),
    (-0.300767, -0.173648, 0.939693),
    (-0.173648, -0.300767, -0.939693),
    (-0.326352, -0.565258, -0.766044),
    (-0.565258, -0.326352, -0.766044),
    (-0.173648, -0.300767, -0.939693),
    (-0.565258, -0.326352, -0.766044),
    (-0.300767, -0.173648, -0.939693),
    (-0.500000, -0.866025, -0.173648),
    (-0.500000, -0.866025, 0.173648),
    (-0.866025, -0.500000, 0.173648),
    (-0.500000, -0.866025, -0.173648),
    (-0.866025, -0.500000, 0.173648),
    (-0.866025, -0.500000, -0.173648),
    (-0.326352, -0.565258, 0.766044),
    (-0.173648, -0.300767, 0.939693),
    (-0.300767, -0.173648, 0.939693),
    (-0.326352, -0.565258, 0.766044),
    (-0.300767, -0.173648, 0.939693),
    (-0.565258, -0.326352, 0.766044),
    (-0.565258, -0.326352, -0.766044),
    (-0.761570, -0.439692, -0.500000),
    (-0.879385, 0.000000, -0.500000),
    (-0.565258, -0.326352, -0.766044),
    (-0.879385, 0.000000, -0.500000),
    (-0.652704, 0.000000, -0.766044),
    (-0.866025, -0.500000, 0.173648),
    (-0.761570, -0.439692, 0.500000),
    (-0.879385, 0.000000, 0.500000),
    (-0.866025, -0.500000, 0.173648),
    (-0.879385, 0.000000, 0.500000),
    (-1.000000, 0.000000, 0.173648),
    (-0.300767, -0.173648, 0.939693),
    (0.000000, 0.000000, 1.000000),
    (-0.347296, 0.000000, 0.939693),
    (-0.300767, -0.173648, -0.939693),
    (-0.565258, -0.326352, -0.766044),
    (-0.652704, 0.000000, -0.766044),
    (-0.300767, -0.173648, -0.939693),
    (-0.652704, 0.000000, -0.766044),
    (-0.347296, 0.000000, -0.939693),
    (-0.866025, -0.500000, -0.173648),
    (-0.866025, -0.500000, 0.173648),
    (-1.000000, 0.000000, 0.173648),
    (-0.866025, -0.500000, -0.173648),
    (-1.000000, 0.000000, 0.173648),
    (-1.000000, 0.000000, -0.173648),
    (-0.565258, -0.326352, 0.766044),
    (-0.300767, -0.173648, 0.939693),
    (-0.347296, 0.000000, 0.939693),
    (-0.565258, -0.326352, 0.766044),
    (-0.347296, 0.000000, 0.939693),
    (-0.652704, 0.000000, 0.766044),
    (0.000000, 0.000000, -1.000000),
    (-0.300767, -0.173648, -0.939693),
    (-0.347296, 0.000000, -0.939693),
    (-0.761570, -0.439692, -0.500000),
    (-0.866025, -0.500000, -0.173648),
    (-1.000000, 0.000000, -0.173648),
    (-0.761570, -0.439692, -0.500000),
    (-1.000000, 0.000000, -0.173648),
    (-0.879385, 0.000000, -0.500000),
    (-0.761570, -0.439692, 0.500000),
    (-0.565258, -0.326352, 0.766044),
    (-0.652704, 0.000000, 0.766044),
    (-0.761570, -0.439692, 0.500000),
    (-0.652704, 0.000000, 0.766044),
    (-0.879385, 0.000000, 0.500000),
    (-1.000000, 0.000000, -0.173648),
    (-1.000000, 0.000000, 0.173648),
    (-0.866025, 0.500000, 0.173648),
    (-1.000000, 0.000000, -0.173648),
    (-0.866025, 0.500000, 0.173648),
    (-0.866025, 0.500000, -0.173648),
    (-0.652704, 0.000000, 0.766044),
    (-0.347296, 0.000000, 0.939693),
    (-0.300767, 0.173648, 0.939693),
    (-0.652704, 0.000000, 0.766044),
    (-0.300767, 0.173648, 0.939693),
    (-0.565258, 0.326352, 0.766044),
    (0.000000, 0.000000, -1.000000),
    (-0.347296, 0.000000, -0.939693),
    (-0.300767, 0.173648, -0.939693),
    (-0.879385, 0.000000, -0.500000),
    (-1.000000, 0.000000, -0.173648),
    (-0.866025, 0.500000, -0.173648),
    (-0.879385, 0.000000, -0.500000),
    (-0.866025, 0.500000, -0.173648),
    (-0.761570, 0.439693, -0.500000),
    (-0.879385, 0.000000, 0.500000),
    (-0.652704, 0.000000, 0.766044),
    (-0.565258, 0.326352, 0.766044),
    (-0.879385, 0.000000, 0.500000),
    (-0.565258, 0.326352, 0.766044),
    (-0.761570, 0.439693, 0.500000),
    (-0.652704, 0.000000, -0.766044),
    (-0.879385, 0.000000, -0.500000),
    (-0.761570, 0.439693, -0.500000),
    (-0.652704, 0.000000, -0.766044),
    (-0.761570, 0.439693, -0.500000),
    (-0.565258, 0.326352, -0.766044),
    (-1.000000, 0.000000, 0.173648),
    (-0.879385, 0.000000, 0.500000),
    (-0.761570, 0.439693, 0.500000),
    (-1.000000, 0.000000, 0.173648),
    (-0.761570, 0.439693, 0.500000),
    (-0.866025, 0.500000, 0.173648),
    (-0.347296, 0.000000, 0.939693),
    (0.000000, 0.000000, 1.000000),
    (-0.300767, 0.173648, 0.939693),
    (-0.347296, 0.000000, -0.939693),
    (-0.652704, 0.000000, -0.766044),
    (-0.565258, 0.326352, -0.766044),
    (-0.347296, 0.000000, -0.939693),
    (-0.565258, 0.326352, -0.766044),
    (-0.300767, 0.173648, -0.939693),
    (-0.761570, 0.439693, 0.500000),
    (-0.565258, 0.326352, 0.766044),
    (-0.326352, 0.565258, 0.766044),
    (-0.761570, 0.439693, 0.500000),
    (-0.326352, 0.565258, 0.766044),
    (-0.439693, 0.761570, 0.500000),
    (-0.565258, 0.326352, -0.766044),
    (-0.761570, 0.439693, -0.500000),
    (-0.439693, 0.761570, -0.500000),
    (-0.565258, 0.326352, -0.766044),
    (-0.439693, 0.761570, -0.500000),
    (-0.326352, 0.565258, -0.766044),
    (-0.866025, 0.500000, 0.173648),
    (-0.761570, 0.439693, 0.500000),
    (-0.439693, 0.761570, 0.500000),
    (-0.866025, 0.500000, 0.173648),
    (-0.439693, 0.761570, 0.500000),
    (-0.500000, 0.866026, 0.173648),
    (-0.300767, 0.173648, 0.939693),
    (0.000000, 0.000000, 1.000000),
    (-0.173648, 0.300767, 0.939693),
    (-0.300767, 0.173648, -0.939693),
    (-0.565258, 0.326352, -0.766044),
    (-0.326352, 0.565258, -0.766044),
    (-0.300767, 0.173648, -0.939693),
    (-0.326352, 0.565258, -0.766044),
    (-0.173648, 0.300768, -0.939693),
    (-0.866025, 0.500000, -0.173648),
    (-0.866025, 0.500000, 0.173648),
    (-0.500000, 0.866026, 0.173648),
    (-0.866025, 0.500000, -0.173648),
    (-0.500000, 0.866026, 0.173648),
    (-0.500000, 0.866025, -0.173648),
    (-0.565258, 0.326352, 0.766044),
    (-0.300767, 0.173648, 0.939693),
    (-0.173648, 0.300767, 0.939693),
    (-0.565258, 0.326352, 0.766044),
    (-0.173648, 0.300767, 0.939693),
    (-0.326352, 0.565258, 0.766044),
    (0.000000, 0.000000, -1.000000),
    (-0.300767, 0.173648, -0.939693),
    (-0.173648, 0.300768, -0.939693),
    (-0.761570, 0.439693, -0.500000),
    (-0.866025, 0.500000, -0.173648),
    (-0.500000, 0.866025, -0.173648),
    (-0.761570, 0.439693, -0.500000),
    (-0.500000, 0.866025, -0.173648),
    (-0.439693, 0.761570, -0.500000),
    (-0.173648, 0.300767, 0.939693),
    (0.000000, 0.000000, 1.000000),
    (0.000000, 0.347296, 0.939693),
    (-0.173648, 0.300768, -0.939693),
    (-0.326352, 0.565258, -0.766044),
    (0.000000, 0.652704, -0.766044),
    (-0.173648, 0.300768, -0.939693),
    (0.000000, 0.652704, -0.766044),
    (0.000000, 0.347296, -0.939693),
    (-0.500000, 0.866025, -0.173648),
    (-0.500000, 0.866026, 0.173648),
    (0.000000, 1.000000, 0.173648),
    (-0.500000, 0.866025, -0.173648),
    (0.000000, 1.000000, 0.173648),
    (0.000000, 1.000000, -0.173648),
    (-0.326352, 0.565258, 0.766044),
    (-0.173648, 0.300767, 0.939693),
    (0.000000, 0.347296, 0.939693),
    (-0.326352, 0.565258, 0.766044),
    (0.000000, 0.347296, 0.939693),
    (0.000000, 0.652704, 0.766044),
    (0.000000, 0.000000, -1.000000),
    (-0.173648, 0.300768, -0.939693),
    (0.000000, 0.347296, -0.939693),
    (-0.439693, 0.761570, -0.500000),
    (-0.500000, 0.866025, -0.173648),
    (0.000000, 1.000000, -0.173648),
    (-0.439693, 0.761570, -0.500000),
    (0.000000, 1.000000, -0.173648),
    (0.000000, 0.879385, -0.500000),
    (-0.439693, 0.761570, 0.500000),
    (-0.326352, 0.565258, 0.766044),
    (0.000000, 0.652704, 0.766044),
    (-0.439693, 0.761570, 0.500000),
    (0.000000, 0.652704, 0.766044),
    (0.000000, 0.879385, 0.500000),
    (-0.326352, 0.565258, -0.766044),
    (-0.439693, 0.761570, -0.500000),
    (0.000000, 0.879385, -0.500000),
    (-0.326352, 0.565258, -0.766044),
    (0.000000, 0.879385, -0.500000),
    (0.000000, 0.652704, -0.766044),
    (-0.500000, 0.866026, 0.173648),
    (-0.439693, 0.761570, 0.500000),
    (0.000000, 0.879385, 0.500000),
    (-0.500000, 0.866026, 0.173648),
    (0.000000, 0.879385, 0.500000),
    (0.000000, 1.000000, 0.173648),
)
normal = (
    (0.000000, 0.869900, 0.493200),
    (-0.000000, 0.653800, 0.756700),
    (0.326900, 0.566200, 0.756700),
    (0.000000, 0.869900, 0.493200),
    (0.326900, 0.566200, 0.756700),
    (0.435000, 0.753400, 0.493200),
    (-0.000000, 0.653800, -0.756700),
    (-0.000000, 0.869900, -0.493200),
    (0.435000, 0.753400, -0.493200),
    (-0.000000, 0.653800, -0.756700),
    (0.435000, 0.753400, -0.493200),
    (0.326900, 0.566200, -0.756700),
    (-0.000000, 0.985200, 0.171300),
    (0.000000, 0.869900, 0.493200),
    (0.435000, 0.753400, 0.493200),
    (-0.000000, 0.985200, 0.171300),
    (0.435000, 0.753400, 0.493200),
    (0.492600, 0.853200, 0.171300),
    (-0.000000, 0.362500, 0.932000),
    (-0.000000, -0.000000, 1.000000),
    (0.181300, 0.313900, 0.932000),
    (-0.000000, 0.362500, -0.932000),
    (-0.000000, 0.653800, -0.756700),
    (0.326900, 0.566200, -0.756700),
    (-0.000000, 0.362500, -0.932000),
    (0.326900, 0.566200, -0.756700),
    (0.181300, 0.313900, -0.932000),
    (-0.000000, 0.985200, -0.171300),
    (-0.000000, 0.985200, 0.171300),
    (0.492600, 0.853200, 0.171300),
    (-0.000000, 0.985200, -0.171300),
    (0.492600, 0.853200, 0.171300),
    (0.492600, 0.853200, -0.171300),
    (-0.000000, 0.653800, 0.756700),
    (-0.000000, 0.362500, 0.932000),
    (0.181300, 0.313900, 0.932000),
    (-0.000000, 0.653800, 0.756700),
    (0.181300, 0.313900, 0.932000),
    (0.326900, 0.566200, 0.756700),
    (0.000000, -0.000000, -1.000000),
    (-0.000000, 0.362500, -0.932000),
    (0.181300, 0.313900, -0.932000),
    (-0.000000, 0.869900, -0.493200),
    (-0.000000, 0.985200, -0.171300),
    (0.492600, 0.853200, -0.171300),
    (-0.000000, 0.869900, -0.493200),
    (0.492600, 0.853200, -0.171300),
    (0.435000, 0.753400, -0.493200),
    (0.492600, 0.853200, 0.171300),
    (0.435000, 0.753400, 0.493200),
    (0.753400, 0.435000, 0.493200),
    (0.492600, 0.853200, 0.171300),
    (0.753400, 0.435000, 0.493200),
    (0.853200, 0.492600, 0.171300),
    (0.181300, 0.313900, 0.932000),
    (-0.000000, -0.000000, 1.000000),
    (0.313900, 0.181300, 0.932000),
    (0.181300, 0.313900, -0.932000),
    (0.326900, 0.566200, -0.756700),
    (0.566200, 0.326900, -0.756700),
    (0.181300, 0.313900, -0.932000),
    (0.566200, 0.326900, -0.756700),
    (0.313900, 0.181300, -0.932000),
    (0.492600, 0.853200, -0.171300),
    (0.492600, 0.853200, 0.171300),
    (0.853200, 0.492600, 0.171300),
    (0.492600, 0.853200, -0.171300),
    (0.853200, 0.492600, 0.171300),
    (0.853200, 0.492600, -0.171300),
    (0.326900, 0.566200, 0.756700),
    (0.181300, 0.313900, 0.932000),
    (0.313900, 0.181300, 0.932000),
    (0.326900, 0.566200, 0.756700),
    (0.313900, 0.181300, 0.932000),
    (0.566200, 0.326900, 0.756700),
    (0.000000, -0.000000, -1.000000),
    (0.181300, 0.313900, -0.932000),
    (0.313900, 0.181300, -0.932000),
    (0.435000, 0.753400, -0.493200),
    (0.492600, 0.853200, -0.171300),
    (0.853200, 0.492600, -0.171300),
    (0.435000, 0.753400, -0.493200),
    (0.853200, 0.492600, -0.171300),
    (0.753400, 0.435000, -0.493200),
    (0.435000, 0.753400, 0.493200),
    (0.326900, 0.566200, 0.756700),
    (0.566200, 0.326900, 0.756700),
    (0.435000, 0.753400, 0.493200),
    (0.566200, 0.326900, 0.756700),
    (0.753400, 0.435000, 0.493200),
    (0.326900, 0.566200, -0.756700),
    (0.435000, 0.753400, -0.493200),
    (0.753400, 0.435000, -0.493200),
    (0.326900, 0.566200, -0.756700),
    (0.753400, 0.435000, -0.493200),
    (0.566200, 0.326900, -0.756700),
    (0.566200, 0.326900, 0.756700),
    (0.313900, 0.181300, 0.932000),
    (0.362500, 0.000000, 0.932000),
    (0.566200, 0.326900, 0.756700),
    (0.362500, 0.000000, 0.932000),
    (0.653800, -0.000000, 0.756700),
    (0.000000, -0.000000, -1.000000),
    (0.313900, 0.181300, -0.932000),
    (0.362500, 0.000000, -0.932000),
    (0.753400, 0.435000, -0.493200),
    (0.853200, 0.492600, -0.171300),
    (0.985200, -0.000000, -0.171300),
    (0.753400, 0.435000, -0.493200),
    (0.985200, -0.000000, -0.171300),
    (0.869900, -0.000000, -0.493200),
    (0.753400, 0.435000, 0.493200),
    (0.566200, 0.326900, 0.756700),
    (0.653800, -0.000000, 0.756700),
    (0.753400, 0.435000, 0.493200),
    (0.653800, -0.000000, 0.756700),
    (0.869900, -0.000000, 0.493200),
    (0.566200, 0.326900, -0.756700),
    (0.753400, 0.435000, -0.493200),
    (0.869900, -0.000000, -0.493200),
    (0.566200, 0.326900, -0.756700),
    (0.869900, -0.000000, -0.493200),
    (0.653800, -0.000000, -0.756700),
    (0.853200, 0.492600, 0.171300),
    (0.753400, 0.435000, 0.493200),
    (0.869900, -0.000000, 0.493200),
    (0.853200, 0.492600, 0.171300),
    (0.869900, -0.000000, 0.493200),
    (0.985200, -0.000000, 0.171300),
    (0.313900, 0.181300, 0.932000),
    (-0.000000, -0.000000, 1.000000),
    (0.362500, 0.000000, 0.932000),
    (0.313900, 0.181300, -0.932000),
    (0.566200, 0.326900, -0.756700),
    (0.653800, -0.000000, -0.756700),
    (0.313900, 0.181300, -0.932000),
    (0.653800, -0.000000, -0.756700),
    (0.362500, 0.000000, -0.932000),
    (0.853200, 0.492600, -0.171300),
    (0.853200, 0.492600, 0.171300),
    (0.985200, -0.000000, 0.171300),
    (0.853200, 0.492600, -0.171300),
    (0.985200, -0.000000, 0.171300),
    (0.985200, -0.000000, -0.171300),
    (0.653800, -0.000000, -0.756700),
    (0.869900, -0.000000, -0.493200),
    (0.753400, -0.435000, -0.493200),
    (0.653800, -0.000000, -0.756700),
    (0.753400, -0.435000, -0.493200),
    (0.566200, -0.326900, -0.756700),
    (0.985200, -0.000000, 0.171300),
    (0.869900, -0.000000, 0.493200),
    (0.753400, -0.435000, 0.493200),
    (0.985200, -0.000000, 0.171300),
    (0.753400, -0.435000, 0.493200),
    (0.853200, -0.492600, 0.171300),
    (0.362500, 0.000000, 0.932000),
    (-0.000000, -0.000000, 1.000000),
    (0.313900, -0.181300, 0.932000),
    (0.362500, 0.000000, -0.932000),
    (0.653800, -0.000000, -0.756700),
    (0.566200, -0.326900, -0.756700),
    (0.362500, 0.000000, -0.932000),
    (0.566200, -0.326900, -0.756700),
    (0.313900, -0.181300, -0.932000),
    (0.985200, -0.000000, -0.171300),
    (0.985200, -0.000000, 0.171300),
    (0.853200, -0.492600, 0.171300),
    (0.985200, -0.000000, -0.171300),
    (0.853200, -0.492600, 0.171300),
    (0.853200, -0.492600, -0.171300),
    (0.653800, -0.000000, 0.756700),
    (0.362500, 0.000000, 0.932000),
    (0.313900, -0.181300, 0.932000),
    (0.653800, -0.000000, 0.756700),
    (0.313900, -0.181300, 0.932000),
    (0.566200, -0.326900, 0.756700),
    (0.000000, -0.000000, -1.000000),
    (0.362500, 0.000000, -0.932000),
    (0.313900, -0.181300, -0.932000),
    (0.869900, -0.000000, -0.493200),
    (0.985200, -0.000000, -0.171300),
    (0.853200, -0.492600, -0.171300),
    (0.869900, -0.000000, -0.493200),
    (0.853200, -0.492600, -0.171300),
    (0.753400, -0.435000, -0.493200),
    (0.869900, -0.000000, 0.493200),
    (0.653800, -0.000000, 0.756700),
    (0.566200, -0.326900, 0.756700),
    (0.869900, -0.000000, 0.493200),
    (0.566200, -0.326900, 0.756700),
    (0.753400, -0.435000, 0.493200),
    (0.853200, -0.492600, -0.171300),
    (0.853200, -0.492600, 0.171300),
    (0.492600, -0.853200, 0.171300),
    (0.853200, -0.492600, -0.171300),
    (0.492600, -0.853200, 0.171300),
    (0.492600, -0.853200, -0.171300),
    (0.566200, -0.326900, 0.756700),
    (0.313900, -0.181300, 0.932000),
    (0.181300, -0.313900, 0.932000),
    (0.566200, -0.326900, 0.756700),
    (0.181300, -0.313900, 0.932000),
    (0.326900, -0.566200, 0.756700),
    (0.000000, -0.000000, -1.000000),
    (0.313900, -0.181300, -0.932000),
    (0.181300, -0.313900, -0.932000),
    (0.753400, -0.435000, -0.493200),
    (0.853200, -0.492600, -0.171300),
    (0.492600, -0.853200, -0.171300),
    (0.753400, -0.435000, -0.493200),
    (0.492600, -0.853200, -0.171300),
    (0.435000, -0.753400, -0.493200),
    (0.753400, -0.435000, 0.493200),
    (0.566200, -0.326900, 0.756700),
    (0.326900, -0.566200, 0.756700),
    (0.753400, -0.435000, 0.493200),
    (0.326900, -0.566200, 0.756700),
    (0.435000, -0.753400, 0.493200),
    (0.566200, -0.326900, -0.756700),
    (0.753400, -0.435000, -0.493200),
    (0.435000, -0.753400, -0.493200),
    (0.566200, -0.326900, -0.756700),
    (0.435000, -0.753400, -0.493200),
    (0.326900, -0.566200, -0.756700),
    (0.853200, -0.492600, 0.171300),
    (0.753400, -0.435000, 0.493200),
    (0.435000, -0.753400, 0.493200),
    (0.853200, -0.492600, 0.171300),
    (0.435000, -0.753400, 0.493200),
    (0.492600, -0.853200, 0.171300),
    (0.313900, -0.181300, 0.932000),
    (-0.000000, -0.000000, 1.000000),
    (0.181300, -0.313900, 0.932000),
    (0.313900, -0.181300, -0.932000),
    (0.566200, -0.326900, -0.756700),
    (0.326900, -0.566200, -0.756700),
    (0.313900, -0.181300, -0.932000),
    (0.326900, -0.566200, -0.756700),
    (0.181300, -0.313900, -0.932000),
    (0.435000, -0.753400, 0.493200),
    (0.326900, -0.566200, 0.756700),
    (-0.000000, -0.653800, 0.756700),
    (0.435000, -0.753400, 0.493200),
    (-0.000000, -0.653800, 0.756700),
    (0.000000, -0.869900, 0.493200),
    (0.326900, -0.566200, -0.756700),
    (0.435000, -0.753400, -0.493200),
    (-0.000000, -0.869900, -0.493200),
    (0.326900, -0.566200, -0.756700),
    (-0.000000, -0.869900, -0.493200),
    (0.000000, -0.653800, -0.756700),
    (0.492600, -0.853200, 0.171300),
    (0.435000, -0.753400, 0.493200),
    (0.000000, -0.869900, 0.493200),
    (0.492600, -0.853200, 0.171300),
    (0.000000, -0.869900, 0.493200),
    (0.000000, -0.985200, 0.171300),
    (0.181300, -0.313900, 0.932000),
    (-0.000000, -0.000000, 1.000000),
    (-0.000000, -0.362500, 0.932000),
    (0.181300, -0.313900, -0.932000),
    (0.326900, -0.566200, -0.756700),
    (0.000000, -0.653800, -0.756700),
    (0.181300, -0.313900, -0.932000),
    (0.000000, -0.653800, -0.756700),
    (0.000000, -0.362500, -0.932000),
    (0.492600, -0.853200, -0.171300),
    (0.492600, -0.853200, 0.171300),
    (0.000000, -0.985200, 0.171300),
    (0.492600, -0.853200, -0.171300),
    (0.000000, -0.985200, 0.171300),
    (-0.000000, -0.985200, -0.171300),
    (0.326900, -0.566200, 0.756700),
    (0.181300, -0.313900, 0.932000),
    (-0.000000, -0.362500, 0.932000),
    (0.326900, -0.566200, 0.756700),
    (-0.000000, -0.362500, 0.932000),
    (-0.000000, -0.653800, 0.756700),
    (0.000000, -0.000000, -1.000000),
    (0.181300, -0.313900, -0.932000),
    (0.000000, -0.362500, -0.932000),
    (0.435000, -0.753400, -0.493200),
    (0.492600, -0.853200, -0.171300),
    (-0.000000, -0.985200, -0.171300),
    (0.435000, -0.753400, -0.493200),
    (-0.000000, -0.985200, -0.171300),
    (-0.000000, -0.869900, -0.493200),
    (-0.000000, -0.362500, 0.932000),
    (-0.000000, -0.000000, 1.000000),
    (-0.181300, -0.313900, 0.932000),
    (0.000000, -0.362500, -0.932000),
    (0.000000, -0.653800, -0.756700),
    (-0.326900, -0.566200, -0.756700),
    (0.000000, -0.362500, -0.932000),
    (-0.326900, -0.566200, -0.756700),
    (-0.181300, -0.313900, -0.932000),
    (-0.000000, -0.985200, -0.171300),
    (0.000000, -0.985200, 0.171300),
    (-0.492600, -0.853200, 0.171300),
    (-0.000000, -0.985200, -0.171300),
    (-0.492600, -0.853200, 0.171300),
    (-0.492600, -0.853200, -0.171300),
    (-0.000000, -0.653800, 0.756700),
    (-0.000000, -0.362500, 0.932000),
    (-0.181300, -0.313900, 0.932000),
    (-0.000000, -0.653800, 0.756700),
    (-0.181300, -0.313900, 0.932000),
    (-0.326900, -0.566200, 0.756700),
    (0.000000, -0.000000, -1.000000),
    (0.000000, -0.362500, -0.932000),
    (-0.181300, -0.313900, -0.932000),
    (-0.000000, -0.869900, -0.493200),
    (-0.000000, -0.985200, -0.171300),
    (-0.492600, -0.853200, -0.171300),
    (-0.000000, -0.869900, -0.493200),
    (-0.492600, -0.853200, -0.171300),
    (-0.435000, -0.753400, -0.493200),
    (0.000000, -0.869900, 0.493200),
    (-0.000000, -0.653800, 0.756700),
    (-0.326900, -0.566200, 0.756700),
    (0.000000, -0.869900, 0.493200),
    (-0.326900, -0.566200, 0.756700),
    (-0.435000, -0.753400, 0.493200),
    (0.000000, -0.653800, -0.756700),
    (-0.000000, -0.869900, -0.493200),
    (-0.435000, -0.753400, -0.493200),
    (0.000000, -0.653800, -0.756700),
    (-0.435000, -0.753400, -0.493200),
    (-0.326900, -0.566200, -0.756700),
    (0.000000, -0.985200, 0.171300),
    (0.000000, -0.869900, 0.493200),
    (-0.435000, -0.753400, 0.493200),
    (0.000000, -0.985200, 0.171300),
    (-0.435000, -0.753400, 0.493200),
    (-0.492600, -0.853200, 0.171300),
    (0.000000, -0.000000, -1.000000),
    (-0.181300, -0.313900, -0.932000),
    (-0.313900, -0.181300, -0.932000),
    (-0.435000, -0.753400, -0.493200),
    (-0.492600, -0.853200, -0.171300),
    (-0.853200, -0.492600, -0.171300),
    (-0.435000, -0.753400, -0.493200),
    (-0.853200, -0.492600, -0.171300),
    (-0.753400, -0.435000, -0.493200),
    (-0.435000, -0.753400, 0.493200),
    (-0.326900, -0.566200, 0.756700),
    (-0.566200, -0.326900, 0.756700),
    (-0.435000, -0.753400, 0.493200),
    (-0.566200, -0.326900, 0.756700),
    (-0.753400, -0.435000, 0.493200),
    (-0.326900, -0.566200, -0.756700),
    (-0.435000, -0.753400, -0.493200),
    (-0.753400, -0.435000, -0.493200),
    (-0.326900, -0.566200, -0.756700),
    (-0.753400, -0.435000, -0.493200),
    (-0.566200, -0.326900, -0.756700),
    (-0.492600, -0.853200, 0.171300),
    (-0.435000, -0.753400, 0.493200),
    (-0.753400, -0.435000, 0.493200),
    (-0.492600, -0.853200, 0.171300),
    (-0.753400, -0.435000, 0.493200),
    (-0.853200, -0.492600, 0.171300),
    (-0.181300, -0.313900, 0.932000),
    (-0.000000, -0.000000, 1.000000),
    (-0.313900, -0.181300, 0.932000),
    (-0.181300, -0.313900, -0.932000),
    (-0.326900, -0.566200, -0.756700),
    (-0.566200, -0.326900, -0.756700),
    (-0.181300, -0.313900, -0.932000),
    (-0.566200, -0.326900, -0.756700),
    (-0.313900, -0.181300, -0.932000),
    (-0.492600, -0.853200, -0.171300),
    (-0.492600, -0.853200, 0.171300),
    (-0.853200, -0.492600, 0.171300),
    (-0.492600, -0.853200, -0.171300),
    (-0.853200, -0.492600, 0.171300),
    (-0.853200, -0.492600, -0.171300),
    (-0.326900, -0.566200, 0.756700),
    (-0.181300, -0.313900, 0.932000),
    (-0.313900, -0.181300, 0.932000),
    (-0.326900, -0.566200, 0.756700),
    (-0.313900, -0.181300, 0.932000),
    (-0.566200, -0.326900, 0.756700),
    (-0.566200, -0.326900, -0.756700),
    (-0.753400, -0.435000, -0.493200),
    (-0.869900, -0.000000, -0.493200),
    (-0.566200, -0.326900, -0.756700),
    (-0.869900, -0.000000, -0.493200),
    (-0.653800, -0.000000, -0.756700),
    (-0.853200, -0.492600, 0.171300),
    (-0.753400, -0.435000, 0.493200),
    (-0.869900, -0.000000, 0.493200),
    (-0.853200, -0.492600, 0.171300),
    (-0.869900, -0.000000, 0.493200),
    (-0.985200, -0.000000, 0.171300),
    (-0.313900, -0.181300, 0.932000),
    (-0.000000, -0.000000, 1.000000),
    (-0.362500, 0.000000, 0.932000),
    (-0.313900, -0.181300, -0.932000),
    (-0.566200, -0.326900, -0.756700),
    (-0.653800, -0.000000, -0.756700),
    (-0.313900, -0.181300, -0.932000),
    (-0.653800, -0.000000, -0.756700),
    (-0.362500, 0.000000, -0.932000),
    (-0.853200, -0.492600, -0.171300),
    (-0.853200, -0.492600, 0.171300),
    (-0.985200, -0.000000, 0.171300),
    (-0.853200, -0.492600, -0.171300),
    (-0.985200, -0.000000, 0.171300),
    (-0.985200, -0.000000, -0.171300),
    (-0.566200, -0.326900, 0.756700),
    (-0.313900, -0.181300, 0.932000),
    (-0.362500, 0.000000, 0.932000),
    (-0.566200, -0.326900, 0.756700),
    (-0.362500, 0.000000, 0.932000),
    (-0.653800, -0.000000, 0.756700),
    (0.000000, -0.000000, -1.000000),
    (-0.313900, -0.181300, -0.932000),
    (-0.362500, 0.000000, -0.932000),
    (-0.753400, -0.435000, -0.493200),
    (-0.853200, -0.492600, -0.171300),
    (-0.985200, -0.000000, -0.171300),
    (-0.753400, -0.435000, -0.493200),
    (-0.985200, -0.000000, -0.171300),
    (-0.869900, -0.000000, -0.493200),
    (-0.753400, -0.435000, 0.493200),
    (-0.566200, -0.326900, 0.756700),
    (-0.653800, -0.000000, 0.756700),
    (-0.753400, -0.435000, 0.493200),
    (-0.653800, -0.000000, 0.756700),
    (-0.869900, -0.000000, 0.493200),
    (-0.985200, -0.000000, -0.171300),
    (-0.985200, -0.000000, 0.171300),
    (-0.853200, 0.492600, 0.171300),
    (-0.985200, -0.000000, -0.171300),
    (-0.853200, 0.492600, 0.171300),
    (-0.853200, 0.492600, -0.171300),
    (-0.653800, -0.000000, 0.756700),
    (-0.362500, 0.000000, 0.932000),
    (-0.313900, 0.181300, 0.932000),
    (-0.653800, -0.000000, 0.756700),
    (-0.313900, 0.181300, 0.932000),
    (-0.566200, 0.326900, 0.756700),
    (0.000000, -0.000000, -1.000000),
    (-0.362500, 0.000000, -0.932000),
    (-0.313900, 0.181300, -0.932000),
    (-0.869900, -0.000000, -0.493200),
    (-0.985200, -0.000000, -0.171300),
    (-0.853200, 0.492600, -0.171300),
    (-0.869900, -0.000000, -0.493200),
    (-0.853200, 0.492600, -0.171300),
    (-0.753400, 0.435000, -0.493200),
    (-0.869900, -0.000000, 0.493200),
    (-0.653800, -0.000000, 0.756700),
    (-0.566200, 0.326900, 0.756700),
    (-0.869900, -0.000000, 0.493200),
    (-0.566200, 0.326900, 0.756700),
    (-0.753400, 0.435000, 0.493200),
    (-0.653800, -0.000000, -0.756700),
    (-0.869900, -0.000000, -0.493200),
    (-0.753400, 0.435000, -0.493200),
    (-0.653800, -0.000000, -0.756700),
    (-0.753400, 0.435000, -0.493200),
    (-0.566200, 0.326900, -0.756700),
    (-0.985200, -0.000000, 0.171300),
    (-0.869900, -0.000000, 0.493200),
    (-0.753400, 0.435000, 0.493200),
    (-0.985200, -0.000000, 0.171300),
    (-0.753400, 0.435000, 0.493200),
    (-0.853200, 0.492600, 0.171300),
    (-0.362500, 0.000000, 0.932000),
    (-0.000000, -0.000000, 1.000000),
    (-0.313900, 0.181300, 0.932000),
    (-0.362500, 0.000000, -0.932000),
    (-0.653800, -0.000000, -0.756700),
    (-0.566200, 0.326900, -0.756700),
    (-0.362500, 0.000000, -0.932000),
    (-0.566200, 0.326900, -0.756700),
    (-0.313900, 0.181300, -0.932000),
    (-0.753400, 0.435000, 0.493200),
    (-0.566200, 0.326900, 0.756700),
    (-0.326900, 0.566200, 0.756700),
    (-0.753400, 0.435000, 0.493200),
    (-0.326900, 0.566200, 0.756700),
    (-0.435000, 0.753400, 0.493200),
    (-0.566200, 0.326900, -0.756700),
    (-0.753400, 0.435000, -0.493200),
    (-0.435000, 0.753400, -0.493200),
    (-0.566200, 0.326900, -0.756700),
    (-0.435000, 0.753400, -0.493200),
    (-0.326900, 0.566200, -0.756700),
    (-0.853200, 0.492600, 0.171300),
    (-0.753400, 0.435000, 0.493200),
    (-0.435000, 0.753400, 0.493200),
    (-0.853200, 0.492600, 0.171300),
    (-0.435000, 0.753400, 0.493200),
    (-0.492600, 0.853200, 0.171300),
    (-0.313900, 0.181300, 0.932000),
    (-0.000000, -0.000000, 1.000000),
    (-0.181300, 0.313900, 0.932000),
    (-0.313900, 0.181300, -0.932000),
    (-0.566200, 0.326900, -0.756700),
    (-0.326900, 0.566200, -0.756700),
    (-0.313900, 0.181300, -0.932000),
    (-0.326900, 0.566200, -0.756700),
    (-0.181300, 0.313900, -0.932000),
    (-0.853200, 0.492600, -0.171300),
    (-0.853200, 0.492600, 0.171300),
    (-0.492600, 0.853200, 0.171300),
    (-0.853200, 0.492600, -0.171300),
    (-0.492600, 0.853200, 0.171300),
    (-0.492600, 0.853200, -0.171300),
    (-0.566200, 0.326900, 0.756700),
    (-0.313900, 0.181300, 0.932000),
    (-0.181300, 0.313900, 0.932000),
    (-0.566200, 0.326900, 0.756700),
    (-0.181300, 0.313900, 0.932000),
    (-0.326900, 0.566200, 0.756700),
    (0.000000, -0.000000, -1.000000),
    (-0.313900, 0.181300, -0.932000),
    (-0.181300, 0.313900, -0.932000),
    (-0.753400, 0.435000, -0.493200),
    (-0.853200, 0.492600, -0.171300),
    (-0.492600, 0.853200, -0.171300),
    (-0.753400, 0.435000, -0.493200),
    (-0.492600, 0.853200, -0.171300),
    (-0.435000, 0.753400, -0.493200),
    (-0.181300, 0.313900, 0.932000),
    (-0.000000, -0.000000, 1.000000),
    (-0.000000, 0.362500, 0.932000),
    (-0.181300, 0.313900, -0.932000),
    (-0.326900, 0.566200, -0.756700),
    (-0.000000, 0.653800, -0.756700),
    (-0.181300, 0.313900, -0.932000),
    (-0.000000, 0.653800, -0.756700),
    (-0.000000, 0.362500, -0.932000),
    (-0.492600, 0.853200, -0.171300),
    (-0.492600, 0.853200, 0.171300),
    (-0.000000, 0.985200, 0.171300),
    (-0.492600, 0.853200, -0.171300),
    (-0.000000, 0.985200, 0.171300),
    (-0.000000, 0.985200, -0.171300),
    (-0.326900, 0.566200, 0.756700),
    (-0.181300, 0.313900, 0.932000),
    (-0.000000, 0.362500, 0.932000),
    (-0.326900, 0.566200, 0.756700),
    (-0.000000, 0.362500, 0.932000),
    (-0.000000, 0.653800, 0.756700),
    (0.000000, -0.000000, -1.000000),
    (-0.181300, 0.313900, -0.932000),
    (-0.000000, 0.362500, -0.932000),
    (-0.435000, 0.753400, -0.493200),
    (-0.492600, 0.853200, -0.171300),
    (-0.000000, 0.985200, -0.171300),
    (-0.435000, 0.753400, -0.493200),
    (-0.000000, 0.985200, -0.171300),
    (-0.000000, 0.869900, -0.493200),
    (-0.435000, 0.753400, 0.493200),
    (-0.326900, 0.566200, 0.756700),
    (-0.000000, 0.653800, 0.756700),
    (-0.435000, 0.753400, 0.493200),
    (-0.000000, 0.653800, 0.756700),
    (0.000000, 0.869900, 0.493200),
    (-0.326900, 0.566200, -0.756700),
    (-0.435000, 0.753400, -0.493200),
    (-0.000000, 0.869900, -0.493200),
    (-0.326900, 0.566200, -0.756700),
    (-0.000000, 0.869900, -0.493200),
    (-0.000000, 0.653800, -0.756700),
    (-0.492600, 0.853200, 0.171300),
    (-0.435000, 0.753400, 0.493200),
    (0.000000, 0.869900, 0.493200),
    (-0.492600, 0.853200, 0.171300),
    (0.000000, 0.869900, 0.493200),
    (-0.000000, 0.985200, 0.171300),
)
uv = (
    (0.500144, 0.744995),
    (0.500144, 0.876330),
    (0.661251, 0.876330),
    (0.500144, 0.744995),
    (0.661251, 0.876330),
    (0.717203, 0.744995),
    (0.500144, 0.119997),
    (0.500144, 0.251333),
    (0.717203, 0.251333),
    (0.500144, 0.119997),
    (0.717203, 0.251333),
    (0.661251, 0.119997),
    (0.500144, 0.583887),
    (0.500144, 0.744995),
    (0.717203, 0.744995),
    (0.500144, 0.583887),
    (0.717203, 0.744995),
    (0.746974, 0.583887),
    (0.500144, 0.962054),
    (0.500144, 0.991825),
    (0.585867, 0.962054),
    (0.500144, 0.034273),
    (0.500144, 0.119997),
    (0.661251, 0.119997),
    (0.500144, 0.034273),
    (0.661251, 0.119997),
    (0.585867, 0.034273),
    (0.500144, 0.412440),
    (0.500144, 0.583887),
    (0.746974, 0.583887),
    (0.500144, 0.412440),
    (0.746974, 0.583887),
    (0.746974, 0.412440),
    (0.500144, 0.876330),
    (0.500144, 0.962054),
    (0.585867, 0.962054),
    (0.500144, 0.876330),
    (0.585867, 0.962054),
    (0.661251, 0.876330),
    (0.500144, 0.004502),
    (0.500144, 0.034273),
    (0.585867, 0.034273),
    (0.500144, 0.251333),
    (0.500144, 0.412440),
    (0.746974, 0.412440),
    (0.500144, 0.251333),
    (0.746974, 0.412440),
    (0.717203, 0.251333),
    (0.746974, 0.583887),
    (0.717203, 0.744995),
    (0.876102, 0.744995),
    (0.746974, 0.583887),
    (0.876102, 0.744995),
    (0.927667, 0.583887),
    (0.585867, 0.962054),
    (0.500144, 0.991825),
    (0.648621, 0.962054),
    (0.585867, 0.034273),
    (0.661251, 0.119997),
    (0.779190, 0.119997),
    (0.585867, 0.034273),
    (0.779190, 0.119997),
    (0.648621, 0.034274),
    (0.746974, 0.412440),
    (0.746974, 0.583887),
    (0.927667, 0.583887),
    (0.746974, 0.412440),
    (0.927667, 0.583887),
    (0.927667, 0.412440),
    (0.661251, 0.876330),
    (0.585867, 0.962054),
    (0.648621, 0.962054),
    (0.661251, 0.876330),
    (0.648621, 0.962054),
    (0.779190, 0.876330),
    (0.500144, 0.004502),
    (0.585867, 0.034273),
    (0.648621, 0.034274),
    (0.717203, 0.251333),
    (0.746974, 0.412440),
    (0.927667, 0.412440),
    (0.717203, 0.251333),
    (0.927667, 0.412440),
    (0.876102, 0.251333),
    (0.717203, 0.744995),
    (0.661251, 0.876330),
    (0.779190, 0.876330),
    (0.717203, 0.744995),
    (0.779190, 0.876330),
    (0.876102, 0.744995),
    (0.661251, 0.119997),
    (0.717203, 0.251333),
    (0.876102, 0.251333),
    (0.661251, 0.119997),
    (0.876102, 0.251333),
    (0.779190, 0.119997),
    (0.779190, 0.876330),
    (0.648621, 0.962054),
    (0.671590, 0.962054),
    (0.779190, 0.876330),
    (0.671590, 0.962054),
    (0.822359, 0.876330),
    (0.500144, 0.004502),
    (0.648621, 0.034274),
    (0.671590, 0.034274),
    (0.876102, 0.251333),
    (0.927667, 0.412440),
    (0.993805, 0.412440),
    (0.876102, 0.251333),
    (0.993805, 0.412440),
    (0.934262, 0.251333),
    (0.876102, 0.744995),
    (0.779190, 0.876330),
    (0.822359, 0.876330),
    (0.876102, 0.744995),
    (0.822359, 0.876330),
    (0.934262, 0.744995),
    (0.779190, 0.119997),
    (0.876102, 0.251333),
    (0.934262, 0.251333),
    (0.779190, 0.119997),
    (0.934262, 0.251333),
    (0.822359, 0.119997),
    (0.927667, 0.583887),
    (0.876102, 0.744995),
    (0.934262, 0.744995),
    (0.927667, 0.583887),
    (0.934262, 0.744995),
    (0.993805, 0.583887),
    (0.648621, 0.962054),
    (0.500144, 0.991825),
    (0.671590, 0.962054),
    (0.648621, 0.034274),
    (0.779190, 0.119997),
    (0.822359, 0.119997),
    (0.648621, 0.034274),
    (0.822359, 0.119997),
    (0.671590, 0.034274),
    (0.927667, 0.412440),
    (0.927667, 0.583887),
    (0.993805, 0.583887),
    (0.927667, 0.412440),
    (0.993805, 0.583887),
    (0.993805, 0.412440),
    (0.822359, 0.119997),
    (0.934262, 0.251333),
    (0.876102, 0.251333),
    (0.822359, 0.119997),
    (0.876102, 0.251333),
    (0.779190, 0.119997),
    (0.993805, 0.583887),
    (0.934262, 0.744995),
    (0.876102, 0.744995),
    (0.993805, 0.583887),
    (0.876102, 0.744995),
    (0.927667, 0.583887),
    (0.671590, 0.962054),
    (0.500144, 0.991825),
    (0.648621, 0.962054),
    (0.671590, 0.034274),
    (0.822359, 0.119997),
    (0.779190, 0.119997),
    (0.671590, 0.034274),
    (0.779190, 0.119997),
    (0.648621, 0.034274),
    (0.993805, 0.412440),
    (0.993805, 0.583887),
    (0.927667, 0.583887),
    (0.993805, 0.412440),
    (0.927667, 0.583887),
    (0.927667, 0.412440),
    (0.822359, 0.876330),
    (0.671590, 0.962054),
    (0.648621, 0.962054),
    (0.822359, 0.876330),
    (0.648621, 0.962054),
    (0.779190, 0.876330),
    (0.500144, 0.004502),
    (0.671590, 0.034274),
    (0.648621, 0.034274),
    (0.934262, 0.251333),
    (0.993805, 0.412440),
    (0.927667, 0.412440),
    (0.934262, 0.251333),
    (0.927667, 0.412440),
    (0.876102, 0.251333),
    (0.934262, 0.744995),
    (0.822359, 0.876330),
    (0.779190, 0.876330),
    (0.934262, 0.744995),
    (0.779190, 0.876330),
    (0.876102, 0.744995),
    (0.927667, 0.412440),
    (0.927667, 0.583887),
    (0.746974, 0.583887),
    (0.927667, 0.412440),
    (0.746974, 0.583887),
    (0.746974, 0.412441),
    (0.779190, 0.876330),
    (0.648621, 0.962054),
    (0.585867, 0.962054),
    (0.779190, 0.876330),
    (0.585867, 0.962054),
    (0.661251, 0.876330),
    (0.500144, 0.004502),
    (0.648621, 0.034274),
    (0.585867, 0.034274),
    (0.876102, 0.251333),
    (0.927667, 0.412440),
    (0.746974, 0.412441),
    (0.876102, 0.251333),
    (0.746974, 0.412441),
    (0.717203, 0.251333),
    (0.876102, 0.744995),
    (0.779190, 0.876330),
    (0.661251, 0.876330),
    (0.876102, 0.744995),
    (0.661251, 0.876330),
    (0.717203, 0.744995),
    (0.779190, 0.119997),
    (0.876102, 0.251333),
    (0.717203, 0.251333),
    (0.779190, 0.119997),
    (0.717203, 0.251333),
    (0.661251, 0.119997),
    (0.927667, 0.583887),
    (0.876102, 0.744995),
    (0.717203, 0.744995),
    (0.927667, 0.583887),
    (0.717203, 0.744995),
    (0.746974, 0.583887),
    (0.648621, 0.962054),
    (0.500144, 0.991825),
    (0.585867, 0.962054),
    (0.648621, 0.034274),
    (0.779190, 0.119997),
    (0.661251, 0.119997),
    (0.648621, 0.034274),
    (0.661251, 0.119997),
    (0.585867, 0.034274),
    (0.717203, 0.744995),
    (0.661251, 0.876330),
    (0.500144, 0.876330),
    (0.717203, 0.744995),
    (0.500144, 0.876330),
    (0.500144, 0.744995),
    (0.661251, 0.119997),
    (0.717203, 0.251333),
    (0.500144, 0.251333),
    (0.661251, 0.119997),
    (0.500144, 0.251333),
    (0.500144, 0.119997),
    (0.746974, 0.583887),
    (0.717203, 0.744995),
    (0.500144, 0.744995),
    (0.746974, 0.583887),
    (0.500144, 0.744995),
    (0.500144, 0.583887),
    (0.585867, 0.962054),
    (0.500144, 0.991825),
    (0.500144, 0.962054),
    (0.585867, 0.034274),
    (0.661251, 0.119997),
    (0.500144, 0.119997),
    (0.585867, 0.034274),
    (0.500144, 0.119997),
    (0.500144, 0.034274),
    (0.746974, 0.412441),
    (0.746974, 0.583887),
    (0.500144, 0.583887),
    (0.746974, 0.412441),
    (0.500144, 0.583887),
    (0.500144, 0.412441),
    (0.661251, 0.876330),
    (0.585867, 0.962054),
    (0.500144, 0.962054),
    (0.661251, 0.876330),
    (0.500144, 0.962054),
    (0.500144, 0.876330),
    (0.500144, 0.004502),
    (0.585867, 0.034274),
    (0.500144, 0.034274),
    (0.717203, 0.251333),
    (0.746974, 0.412441),
    (0.500144, 0.412441),
    (0.717203, 0.251333),
    (0.500144, 0.412441),
    (0.500144, 0.251333),
    (0.500144, 0.962054),
    (0.500144, 0.991825),
    (0.414420, 0.962054),
    (0.500144, 0.034274),
    (0.500144, 0.119997),
    (0.339036, 0.119997),
    (0.500144, 0.034274),
    (0.339036, 0.119997),
    (0.414420, 0.034274),
    (0.500144, 0.412441),
    (0.500144, 0.583887),
    (0.253313, 0.583887),
    (0.500144, 0.412441),
    (0.253313, 0.583887),
    (0.253313, 0.412441),
    (0.500144, 0.876330),
    (0.500144, 0.962054),
    (0.414420, 0.962054),
    (0.500144, 0.876330),
    (0.414420, 0.962054),
    (0.339036, 0.876330),
    (0.500144, 0.004502),
    (0.500144, 0.034274),
    (0.414420, 0.034274),
    (0.500144, 0.251333),
    (0.500144, 0.412441),
    (0.253313, 0.412441),
    (0.500144, 0.251333),
    (0.253313, 0.412441),
    (0.283084, 0.251333),
    (0.500144, 0.744995),
    (0.500144, 0.876330),
    (0.339036, 0.876330),
    (0.500144, 0.744995),
    (0.339036, 0.876330),
    (0.283084, 0.744995),
    (0.500144, 0.119997),
    (0.500144, 0.251333),
    (0.283084, 0.251333),
    (0.500144, 0.119997),
    (0.283084, 0.251333),
    (0.339036, 0.119997),
    (0.500144, 0.583887),
    (0.500144, 0.744995),
    (0.283084, 0.744995),
    (0.500144, 0.583887),
    (0.283084, 0.744995),
    (0.253313, 0.583887),
    (0.500144, 0.004502),
    (0.414420, 0.034274),
    (0.351667, 0.034274),
    (0.283084, 0.251333),
    (0.253313, 0.412441),
    (0.072621, 0.412440),
    (0.283084, 0.251333),
    (0.072621, 0.412440),
    (0.124186, 0.251333),
    (0.283084, 0.744995),
    (0.339036, 0.876330),
    (0.221098, 0.876330),
    (0.283084, 0.744995),
    (0.221098, 0.876330),
    (0.124186, 0.744995),
    (0.339036, 0.119997),
    (0.283084, 0.251333),
    (0.124186, 0.251333),
    (0.339036, 0.119997),
    (0.124186, 0.251333),
    (0.221098, 0.119997),
    (0.253313, 0.583887),
    (0.283084, 0.744995),
    (0.124186, 0.744995),
    (0.253313, 0.583887),
    (0.124186, 0.744995),
    (0.072621, 0.583887),
    (0.414420, 0.962054),
    (0.500144, 0.991825),
    (0.351667, 0.962054),
    (0.414420, 0.034274),
    (0.339036, 0.119997),
    (0.221098, 0.119997),
    (0.414420, 0.034274),
    (0.221098, 0.119997),
    (0.351667, 0.034274),
    (0.253313, 0.412441),
    (0.253313, 0.583887),
    (0.072621, 0.583887),
    (0.253313, 0.412441),
    (0.072621, 0.583887),
    (0.072621, 0.412440),
    (0.339036, 0.876330),
    (0.414420, 0.962054),
    (0.351667, 0.962054),
    (0.339036, 0.876330),
    (0.351667, 0.962054),
    (0.221098, 0.876330),
    (0.221098, 0.119997),
    (0.124186, 0.251333),
    (0.066025, 0.251333),
    (0.221098, 0.119997),
    (0.066025, 0.251333),
    (0.177929, 0.119997),
    (0.072621, 0.583887),
    (0.124186, 0.744995),
    (0.066025, 0.744995),
    (0.072621, 0.583887),
    (0.066025, 0.744995),
    (0.006482, 0.583887),
    (0.351667, 0.962054),
    (0.500144, 0.991825),
    (0.328697, 0.962054),
    (0.351667, 0.034274),
    (0.221098, 0.119997),
    (0.177929, 0.119997),
    (0.351667, 0.034274),
    (0.177929, 0.119997),
    (0.328697, 0.034274),
    (0.072621, 0.412440),
    (0.072621, 0.583887),
    (0.006482, 0.583887),
    (0.072621, 0.412440),
    (0.006482, 0.583887),
    (0.006482, 0.412440),
    (0.221098, 0.876330),
    (0.351667, 0.962054),
    (0.328697, 0.962054),
    (0.221098, 0.876330),
    (0.328697, 0.962054),
    (0.177929, 0.876330),
    (0.500144, 0.004502),
    (0.351667, 0.034274),
    (0.328697, 0.034274),
    (0.124186, 0.251333),
    (0.072621, 0.412440),
    (0.006482, 0.412440),
    (0.124186, 0.251333),
    (0.006482, 0.412440),
    (0.066025, 0.251333),
    (0.124186, 0.744995),
    (0.221098, 0.876330),
    (0.177929, 0.876330),
    (0.124186, 0.744995),
    (0.177929, 0.876330),
    (0.066025, 0.744995),
    (0.006482, 0.412440),
    (0.006482, 0.583887),
    (0.072621, 0.583887),
    (0.006482, 0.412440),
    (0.072621, 0.583887),
    (0.072621, 0.412440),
    (0.177929, 0.876330),
    (0.328697, 0.962054),
    (0.351667, 0.962054),
    (0.177929, 0.876330),
    (0.351667, 0.962054),
    (0.221098, 0.876330),
    (0.500144, 0.004502),
    (0.328697, 0.034274),
    (0.351667, 0.034274),
    (0.066025, 0.251333),
    (0.006482, 0.412440),
    (0.072621, 0.412440),
    (0.066025, 0.251333),
    (0.072621, 0.412440),
    (0.124186, 0.251333),
    (0.066025, 0.744995),
    (0.177929, 0.876330),
    (0.221098, 0.876330),
    (0.066025, 0.744995),
    (0.221098, 0.876330),
    (0.124186, 0.744995),
    (0.177929, 0.119997),
    (0.066025, 0.251333),
    (0.124186, 0.251333),
    (0.177929, 0.119997),
    (0.124186, 0.251333),
    (0.221098, 0.119997),
    (0.006482, 0.583887),
    (0.066025, 0.744995),
    (0.124186, 0.744995),
    (0.006482, 0.583887),
    (0.124186, 0.744995),
    (0.072621, 0.583887),
    (0.328697, 0.962054),
    (0.500144, 0.991825),
    (0.351667, 0.962054),
    (0.328697, 0.034274),
    (0.177929, 0.119997),
    (0.221098, 0.119997),
    (0.328697, 0.034274),
    (0.221098, 0.119997),
    (0.351667, 0.034274),
    (0.124186, 0.744995),
    (0.221098, 0.876330),
    (0.339036, 0.876330),
    (0.124186, 0.744995),
    (0.339036, 0.876330),
    (0.283084, 0.744995),
    (0.221098, 0.119997),
    (0.124186, 0.251333),
    (0.283084, 0.251333),
    (0.221098, 0.119997),
    (0.283084, 0.251333),
    (0.339036, 0.119997),
    (0.072621, 0.583887),
    (0.124186, 0.744995),
    (0.283084, 0.744995),
    (0.072621, 0.583887),
    (0.283084, 0.744995),
    (0.253313, 0.583887),
    (0.351667, 0.962054),
    (0.500144, 0.991825),
    (0.414420, 0.962054),
    (0.351667, 0.034274),
    (0.221098, 0.119997),
    (0.339036, 0.119997),
    (0.351667, 0.034274),
    (0.339036, 0.119997),
    (0.414420, 0.034273),
    (0.072621, 0.412440),
    (0.072621, 0.583887),
    (0.253313, 0.583887),
    (0.072621, 0.412440),
    (0.253313, 0.583887),
    (0.253313, 0.412440),
    (0.221098, 0.876330),
    (0.351667, 0.962054),
    (0.414420, 0.962054),
    (0.221098, 0.876330),
    (0.414420, 0.962054),
    (0.339036, 0.876330),
    (0.500144, 0.004502),
    (0.351667, 0.034274),
    (0.414420, 0.034273),
    (0.124186, 0.251333),
    (0.072621, 0.412440),
    (0.253313, 0.412440),
    (0.124186, 0.251333),
    (0.253313, 0.412440),
    (0.283084, 0.251333),
    (0.414420, 0.962054),
    (0.500144, 0.991825),
    (0.500144, 0.962054),
    (0.414420, 0.034273),
    (0.339036, 0.119997),
    (0.500144, 0.119997),
    (0.414420, 0.034273),
    (0.500144, 0.119997),
    (0.500144, 0.034273),
    (0.253313, 0.412440),
    (0.253313, 0.583887),
    (0.500144, 0.583887),
    (0.253313, 0.412440),
    (0.500144, 0.583887),
    (0.500144, 0.412440),
    (0.339036, 0.876330),
    (0.414420, 0.962054),
    (0.500144, 0.962054),
    (0.339036, 0.876330),
    (0.500144, 0.962054),
    (0.500144, 0.876330),
    (0.500144, 0.004502),
    (0.414420, 0.034273),
    (0.500144, 0.034273),
    (0.283084, 0.251333),
    (0.253313, 0.412440),
    (0.500144, 0.412440),
    (0.283084, 0.251333),
    (0.500144, 0.412440),
    (0.500144, 0.251333),
    (0.283084, 0.744995),
    (0.339036, 0.876330),
    (0.500144, 0.876330),
    (0.283084, 0.744995),
    (0.500144, 0.876330),
    (0.500144, 0.744995),
    (0.339036, 0.119997),
    (0.283084, 0.251333),
    (0.500144, 0.251333),
    (0.339036, 0.119997),
    (0.500144, 0.251333),
    (0.500144, 0.119997),
    (0.253313, 0.583887),
    (0.283084, 0.744995),
    (0.500144, 0.744995),
    (0.253313, 0.583887),
    (0.500144, 0.744995),
    (0.500144, 0.583887),
)
